"Year" "Electricity" "Short.Tons.SO2" "Short.Tons.NOx" "Capital.Stock" "Employees" "Heat.Content.of.Coal" "Heat.Content.of.Oil" "Heat.Content.of.Gas" "Short.Tons.SO2.MwH" "Pan_d$`Short Tons SO2 MwH- Daily Average`" "Pan_d$`Electricity - Daily Average`" "Pan_d$`Heat Content of Coal - Daily Average`" "Pan_d$`Heat Content of Oil - Daily Average`" "Pan_d$`Heat Content of Gas - Daily Average`" "Capital.Stock.in.2017.Dollars" "Pan_d$`Short Tons NOx MwH - Daily Averages`"
"1" 85 401652962205 5265559.56 1725673.14 19415602807 20115 4088698010200000 10762536254400 3284049600000 5265.55956 14.4261905753425 1100419074.53425 11201912356712.3 29486400696.9863 8997396164.38356 114209428276.471 4.72787161643836
"2" 86 399397361977 5183086.9 1716990.27 19729945368.707 20135 4092720441800000 9286029534600 3870920700000 5183.0869 14.2002380821918 1094239347.88219 11212932717260.3 25441176807.1233 10605262191.7808 116058502168.865 4.70408293150685
"3" 87 396903889308 5086437.49 1678232.11 19908861286.7911 20146 4037690203800000 9335837637000 4735611200000 5086.43749 13.9354451780822 1087407915.91233 11062164941917.8 25577637361.6438 12974277260.274 117110948745.83 4.59789619178082
"4" 88 407311300744 5127185.57 1740761.95 19984793137.5922 19893 4152836718600000 9331879057200 4003863900000 5127.18557 14.0470837534247 1115921371.90137 11377634845479.5 25566791937.5342 10969490136.9863 117557606691.719 4.76921082191781
"5" 89 421707944340 5482032.47 1818793.38 20347534347.2157 19777 4299109375600000 9229010700000 4.81393e+12 5482.03247 15.0192670410959 1155364231.06849 11778381850958.9 25284960821.9178 13188849315.0685 119691378513.034 4.98299556164384
"6" 90 419768508220 5431389.43 1765768.64 20493803603.8003 19432 4261719346400000 8707828655400 6.382197e+12 5431.38943 14.8805189863014 1150050707.45205 11675943414794.5 23857064809.3151 17485471232.8767 120551785904.708 4.83772230136986
"7" 91 407427475100 5275711.46 1697041.5 21059103767.2683 19247 4158109583200000 9669001515600 6879642900000 5275.71146 14.454004 1116239657.80822 11392081049863 26490415111.2329 18848336712.3288 123877080983.931 4.64942876712329
"8" 92 416158078620 5311037.28 1692437.42 21288858994.2122 18670 4205970155800000 8011965057600 6672484800000 5311.03728 14.5507870684932 1140159119.50685 11523205906301.4 21950589198.9041 18280780273.9726 125228582318.895 4.63681484931507
"9" 93 422846645492 5076758.79 1694428.01 21490728815.6356 18513 4274759961800000 8953117626600 6789904100000 5076.75879 13.9089281917808 1158483960.25205 11711671128219.2 24529089387.9452 18602476986.3014 126416051856.68 4.64226852054795
"10" 94 414403166714 4891872.64 1580497.32 21861484140.3937 17876 4198124719200000 10027111575600 7125685900000 4891.87264 13.4023907945205 1135351141.68219 11501711559452.1 27471538563.2877 19522427123.2877 128596965531.728 4.33012964383562
"11" 95 431160285525 3748557.25 1609449.73 22080001356.3252 17040 4318143475600000 8419069335600 7038862400000 3748.55725 10.2700198630137 1181261056.23288 11830530070137 23065943385.2055 19284554520.5479 129882360919.56 4.40945131506849
